3057901
1001300
1004002
1005200
3006700
3055300
1001401
1008900
1010100
1007400
1015601
3003101
3004300
3054900
3019300
1005800
1006100
1008601
1012400
1007200
1011900
1014300
3049700
1010300
1011300
1020101
1001502
1001800
1009000
1003100
3024100
1000700
1005000
1001600
1011000
1015900
3012902
1005600
1004300
1015302
1002601
1006600
3000100
1008700
3004700
4011500
1002100
1009700
1012500
1004100
1004500
1003300
1008400
1016200
1006300
3000900
1007700
1009400
1008800
3020700
1013700
1008300
3055500
1003200
1009600
1020500
3001100
4017902
1007300
1016900
1007001
1006000
1000800
1003800
1010601
3002300
1003001
1012102
1007900
3056301
1003700
1009500
1007600
1003900
1002500
4005500
1012700
3043900
1008000
1004400
3018300
3003700
3002100
3027500
1011100
1009902
1011800
3000700
1002700
1011500
1007100
3051100
1006400
1006500
1019500
1018800
1017100
3048500
1006800
1004900
1004200
1005502
1011700
1003602
1013000
3054300
1009800
1005400
3005301
1010900
1001200
3008500
3013700
3051700
1018100
1016400
1008200
1010801
3012901
1000202
1019800
1014700
3007100
1017300
3043300
1006700
1014900
1016700
4001902
1005501
1018900
1015700
1006900
1002800
1021600
3021900
1003601
1012800
1021303
1005700
1021100
1006200
1024200
1031703
3014901
1013100
3056100
1018700
1013900
1017800
3011901
1010000
4015900
1004800
1019701
3016100
1012101
1011201
3044700
3022900
1014500
3001502
3007500
3012700
4014900
1005900
1002902
1013300
1000900
1003400
4000701
3049302
1009200
1020701
3021100
3001300
3007700
3051500
3020500
1010802
4008500
1020800
3016300
3015900
1000600
3012100
1010400
3045300
4008100
4003302
1014000
1021800
1002400
1012901
1015801
3006901
3003300
1012602
1011203
1001501
3050900
1025700
1018300
3024500
4007700
1001002
4001901
1012000
3017700
3003102
3057500
3028100
1008100
3050500
3003500
3032700
3049500
3000501
1009100
4005900
1009903
1003002
1009300
1014601
1007800
1016002
1015101
3005302
3052300
4011700
1011401
3032500
4019902
3051300
1017500
1017401
3019700
4000103
1004001
3004100
1010200
1019100
1015002
1009901
3001501
1018400
3051900
3056500
3025700
3050100
3018501
3018700
3022100
1014200
1031704
3052700
3054700
3050300
4003301
1019400
3006500
1019900
3013500
4007100
1016300
3044500
1016100
4005700
1015402
1013400
3044901
3029700
1018000
1016800
1002202
1021500
3027700
3025500
1017900
3027900
3055700
3020300
1013800
1014602
3050700
1013603
3017900
3055100
3123700
3013300
1015502
4004700
4004300
1011202
4005300
3019900
3041300
3052900
1019000
1017200
1022200
1015102
3000301
1017000
4000102
1014402
3049900
3022700
1018200
3006902
1015401
3028501
1012200
3018100
3042300
3023300
4015700
3015700
1019600
1019300
3004500
3026900
3048900
3059100
3015100
4000702
3005900
4003100
4006900
1002000
1014401
1020102
3013900
3056302
4003900
3057100
3032300
3021700
3015500
3052500
3057902
3042500
3044100
3000502
3042900
4009900
3005100
3039100
3001802
1002201
3014101
3002901
1015403
3040900
3043100
1015602
4002500
3038900
3025901
4014300
3039300
3013100
3003900
4006300
1021900
4004500
1019200
3030500
3025300
4001903
4011900
4008700
1018600
1017700
4008300
1000500
4000104
3024300
3040300
3020100
4009100
1016600
3039900
4012500
4007300
4009700
3015300
3044300
3026500
1010602
3028700
3047700
3027100
4003700
4015300
3021300
3027300
3024900
3011700
4006501
3006300
1013604
3048100
3025902
3042100
1022400
3039500
3026300
4009500
3039700
4010100
3026100
3042700
1020600
3025100
3043500
3037300
3041500
3041900
3044902
3041100
3040100
1013501
1014802
3043700
