1011900
1014300
1003200
1003900
1019900
4005900
1019800
1011700
1008300
3027900
1017500
4000701
1005600
3022100
1006100
3002100
1008800
4006900
1011300
1006900
1002601
1005900
1012102
1003700
1009000
1004200
3051900
1009700
1003400
3048500
1004900
4003301
3051100
1008400
1001600
1018400
1003002
1015102
1007200
1006800
3028100
3027700
4011900
1000202
3015900
1006000
3000301
1000600
1011201
1010100
3001802
1021600
1019000
3055300
3003500
3044700
4015700
1006700
3001100
1001800
1007001
1008700
3025700
1005000
1005501
1006300
1007900
1006500
1013700
1003800
3015100
1003602
4000101
1001200
1000700
1031703
1007700
3050500
3019300
1004400
1010300
1008900
1009902
1015403
1012101
1003300
1009800
3049500
1004500
1002400
1008000
1000900
1003100
3025500
1008100
1011000
3014101
1018200
1008601
3012901
1002500
1006600
3055500
1002202
1016900
1004001
1006400
1010900
3042500
3016100
3024500
3007500
1009300
1009200
3017700
3050100
1007300
1022200
1009903
1000800
1005502
1016700
1018900
1001502
1016400
3003300
1003601
1002700
1013800
1018300
1001300
1014700
3018700
1019600
1012602
1005700
1011500
3044500
1011800
1009400
1019500
3021900
3052700
4003100
1004002
4007100
3012100
4011700
1013300
1031704
1014401
3019700
1002000
1005400
1016300
3054900
1005200
3020700
1017100
4011500
4014300
1017900
1017300
4001903
3056100
3051700
1021100
3021100
1011203
1014900
3057901
3057500
4015900
1011100
1003001
4001901
1002100
3048900
3055700
4006300
1025700
1015601
3050700
3049700
1012700
1013100
1014500
3049302
3019900
3052300
1004100
3024900
3000900
4002500
1019200
3032700
1010200
3000700
3018300
1015401
4003302
3001502
3055100
3044901
3029700
3024300
3028501
3052500
3050900
3021300
3011901
1009901
1004800
3051300
3006500
3026500
3027300
1017000
3000502
1016600
4010100
1014602
3027100
3050300
4000702
1013501
3022700
1015700
1001401
1018800
4007700
1015900
1013400
1004300
1009600
1014000
3018100
1024200
3027500
1014200
3012902
3015700
4001902
3042300
1018700
1002902
3020300
3032300
4004700
3008500
1001501
3004300
1021500
3013300
1016800
3000501
1016002
3023300
1011402
1022400
3054700
3020500
3003102
1017200
4005300
1015502
3054300
1020600
1021303
1015002
3051500
4009500
1012400
1019100
3018501
1006200
4008300
3052900
1012901
1020102
3048100
1005800
1018000
1016200
1015402
1010400
1010602
1017401
1015302
3045300
1012800
4007300
1007800
1002201
1013604
4003700
4009100
3003101
3042900
1018100
4009900
3006300
4019902
1019300
3001300
4000102
3007100
1014402
3013500
1013603
3056302
1011401
3004500
3007700
3057100
1020500
3059100
3015500
4004300
3030500
1016100
1021800
3025901
1010802
1017800
1007400
1007600
3028700
3005900
1010601
1016500
1019400
1019701
3020100
1013000
1002800
3003900
1012200
1012000
3006700
4017902
3024100
3021700
1017700
3005100
3047700
4009700
4000103
1001002
3002901
1014802
4003900
3025300
1008200
1012500
1010000
1020800
3006901
3043100
3006902
3003700
3013700
4005700
4006501
3012700
3004700
3015300
1015602
3026900
3013100
3005302
3022900
3005301
1020101
3056301
3000100
3001501
4008100
3014901
3026100
3123700
3004100
3025100
4014900
3002300
4012500
3017900
1015101
3042700
3049900
3011700
3056500
4004500
3032500
3026300
4015300
3016300
1020701
3013900
4008700
1018600
1000500
4008500
4005500
3025902
1009100
4000104
1007100
1009500
1013900
2038700
2038500
2037504
2039901
2039700
2039100
2036100
2037100
2023502
2023704
2038100
2023501
2023100
2023703
2040100
2036300
2024100
2038304
2024300
2039300
2038900
2040302
2039902
2023900
2040502
2023301
2023302
2039500
2037300
2026500
2022701
